(0.00000000, 0.00000000, 0.00000000)
(0.00000000, 0.00000000, 0.00000000)
(0.00000000, 0.00000000, 0.00000000)
(0.00000000, 0.00000000, 0.00000000)
(0.00000000, 0.00000000, 0.00000000)
(0.00000000, 0.00000000, 0.00000000)
(0.00000000, 0.00000000, 0.00000000)
(0.00000000, 0.00000000, 0.00000000)
(0.00000000, 0.00000000, 0.00000000)
(0.00000000, 0.00000000, 0.00000000)
(0.00000000, 0.00000000, 0.00000000)
(0.00000000, 0.00000000, 0.00000000)
(0.00000000, 0.00000000, 0.00000000)
(0.00000000, 0.00000000, 0.00000000)
(0.00000000, 0.00000000, 0.00000000)
(0.00000000, 0.00000000, 0.00000000)
(0.00000000, 0.00000000, 0.00000000)
(0.00000000, 0.00000000, 0.00000000)
(0.00000000, 0.00000000, 0.00000000)
(0.00000000, 0.00000000, 0.00000000)
(0.00000000, 0.00000000, 0.00000000)
(0.00000000, 0.00000000, 0.00000000)
(0.00000000, 0.00000000, 0.00000000)
(0.00000000, 0.00000000, 0.00000000)
(0.00000000, 0.00000000, 0.00000000)
(0.00000000, 0.00000000, 0.00000000)
(0.00000000, 0.00000000, 0.00000000)
(0.00000000, 0.00000000, 0.00000000)
(0.00000000, 0.00000000, 0.00000000)
(0.00000000, 0.00000000, 0.00000000)
(0.00000000, 0.00000000, 0.00000000)
(0.00000000, 0.00000000, 0.00000000)
(0.00000000, 0.00000000, 0.00000000)
(0.00000000, 0.00000000, 0.00000000)
(0.00000000, 0.00000000, 0.00000000)
(0.00000000, 0.00000000, 0.00000000)
(0.00000000, 0.00000000, 0.00000000)
(0.00000000, 0.00000000, 0.00000000)
(0.00000000, 0.00000000, 0.00000000)
(0.00000000, 0.00000000, 0.00000000)
(0.00000000, 0.00000000, 0.00000000)
(0.00000000, 0.00000000, 0.00000000)
(0.00000000, 0.00000000, 0.00000000)
(0.00000000, 0.00000000, 0.00000000)
(0.00000000, 0.00000000, 0.00000000)
(0.00000000, 0.00000000, 0.00000000)
(0.00000000, 0.00000000, 0.00000000)
(0.00000000, 0.00000000, 0.00000000)
(0.00000000, 0.00000000, 0.00000000)
(0.00000000, 0.00000000, 0.00000000)
(0.00000000, 0.00000000, 0.00000000)
(0.00000000, 0.00000000, 0.00000000)
(0.00000000, 0.00000000, 0.00000000)
(0.00000000, 0.00000000, 0.00000000)
(0.00000000, 0.00000000, 0.00000000)
(0.00000000, 0.00000000, 0.00000000)
(0.00000000, 0.00000000, 0.00000000)
(0.00000000, 0.00000000, 0.00000000)
(0.00000000, 0.00000000, 0.00000000)
(0.00000000, 0.00000000, 0.00000000)
(0.00000000, 0.00000000, 0.00000000)
(0.00000000, 0.00000000, 0.00000000)
(0.00000000, 0.00000000, 0.00000000)
(0.00000000, 0.00000000, 0.00000000)
(0.00000000, 0.00000000, 0.00000000)
(0.00000000, 0.00000000, 0.00000000)
(0.00000000, 0.00000000, 0.00000000)
(0.00000000, 0.00000000, 0.00000000)
(0.00000000, 0.00000000, 0.00000000)
(0.00000000, 0.00000000, 0.00000000)
(0.00000000, 0.00000000, 0.00000000)
(0.00000000, 0.00000000, 0.00000000)
(0.00000000, 0.00000000, 0.00000000)
(0.00000000, 0.00000000, 0.00000000)
(0.00000000, 0.00000000, 0.00000000)
(0.00000000, 0.00000000, 0.00000000)
(0.00000000, 0.00000000, 0.00000000)
(0.00000000, 0.00000000, 0.00000000)
(0.00000000, 0.00000000, 0.00000000)
(0.00000000, 0.00000000, 0.00000000)
(0.00000000, 0.00000000, 0.00000000)
(0.00000000, 0.00000000, 0.00000000)
(0.00000000, 0.00000000, 0.00000000)
(0.00000000, 0.00000000, 0.00000000)
(0.00000000, 0.00000000, 0.00000000)
(0.00000000, 0.00000000, 0.00000000)
(0.00000000, 0.00000000, 0.00000000)
(0.00000000, 0.00000000, 0.00000000)
(0.00000000, 0.00000000, 0.00000000)
(0.00000000, 0.00000000, 0.00000000)
(0.00000000, 0.00000000, 0.00000000)
(0.00000000, 0.00000000, 0.00000000)
(0.00000000, 0.00000000, 0.00000000)
(0.00000000, 0.00000000, 0.00000000)
(0.00000000, 0.00000000, 0.00000000)
(0.00000000, 0.00000000, 0.00000000)
(0.00000000, 0.00000000, 0.00000000)
(0.00000000, 0.00000000, 0.00000000)
(0.00000000, 0.00000000, 0.00000000)
(0.00000000, 0.00000000, 0.00000000)
(0.00000000, 0.00000000, 0.00000000)
(0.00000000, 0.00000000, 0.00000000)
(0.00000000, 0.00000000, 0.00000000)
(0.00000000, 0.00000000, 0.00000000)
(0.00000000, 0.00000000, 0.00000000)
(0.00000000, 0.00000000, 0.00000000)
(0.00000000, 0.00000000, 0.00000000)
(0.00000000, 0.00000000, 0.00000000)
(0.00000000, 0.00000000, 0.00000000)
(0.00000000, 0.00000000, 0.00000000)
(0.00000000, 0.00000000, 0.00000000)
(0.00000000, 0.00000000, 0.00000000)
(0.00000000, 0.00000000, 0.00000000)
(0.00000000, 0.00000000, 0.00000000)
(0.00000000, 0.00000000, 0.00000000)
(0.00000000, 0.00000000, 0.00000000)
(0.00000000, 0.00000000, 0.00000000)
(0.00000000, 0.00000000, 0.00000000)
(0.00000000, 0.00000000, 0.00000000)
(-1.17236700, 0.01346470, 0.76121010)
(-1.16099900, 0.01542869, 0.75956400)
(-1.14973900, 0.01719579, 0.75772860)
(-1.13904900, 0.01887655, 0.75582890)
(-1.11833500, 0.02193702, 0.75122850)
(-1.10821200, 0.02360802, 0.74832110)
(-1.09788500, 0.02556511, 0.74528240)
(-1.08820500, 0.02653402, 0.74197510)
(-1.07808000, 0.02874595, 0.73804060)
(-1.06850000, 0.03007308, 0.73404810)
(-1.05844700, 0.03245992, 0.72949620)
(-1.02154300, 0.03911341, 0.70931720)
(-1.02154300, 0.03911341, 0.70931720)
(-1.02154300, 0.03911341, 0.70931720)
(-1.01251500, 0.04124890, 0.70388980)
(-1.00388200, 0.04319522, 0.69829140)
(-0.99510650, 0.04531161, 0.69271310)
(-0.98647680, 0.04748713, 0.68703440)
(-0.97772990, 0.04994472, 0.68127880)
(-0.96981560, 0.05127338, 0.67560700)
(-0.96120690, 0.05415554, 0.66960130)
(-0.95297070, 0.05675889, 0.66364060)
(-0.94476820, 0.05894380, 0.65839090)
(-0.93700750, 0.06127423, 0.65242270)
(-0.92222640, 0.06534097, 0.64050000)
(-0.91477520, 0.06730449, 0.63495300)
(-0.90774710, 0.06922035, 0.62899650)
(-0.90075650, 0.07085190, 0.62323860)
(-0.89359390, 0.07247847, 0.61776570)
(-0.88648150, 0.07400459, 0.61211570)
(-0.87959140, 0.07549794, 0.60639910)
(-0.86605340, 0.07772332, 0.59523680)
(-0.85967420, 0.07849632, 0.58961700)
(-0.85967420, 0.07849632, 0.58961700)
(-0.85336760, 0.07912467, 0.58414040)
(-0.84728230, 0.07976337, 0.57881010)
(-0.83530370, 0.08074889, 0.56832690)
(-0.82922040, 0.08131935, 0.56330110)
(-0.82328340, 0.08173978, 0.55822740)
(-0.81739680, 0.08236896, 0.55334450)
(-0.80621540, 0.08357303, 0.54368070)
(-0.80621540, 0.08357303, 0.54368070)
(-0.80109270, 0.08406778, 0.53899210)
(-0.79620280, 0.08461728, 0.53420010)
(-0.78720300, 0.08605990, 0.52501960)
(-0.78299440, 0.08697489, 0.52063660)
(-0.77890560, 0.08776715, 0.51624410)
(-0.77491380, 0.08880653, 0.51196010)
(-0.77109720, 0.08993317, 0.50788180)
(-0.76745750, 0.09121922, 0.50392400)
(-0.76066400, 0.09377116, 0.49625690)
(-0.75758710, 0.09514837, 0.49257730)
(-0.75473030, 0.09671923, 0.48902570)
(-0.75195710, 0.09827500, 0.48551820)
(-0.74936120, 0.09975068, 0.48215370)
(-0.74700250, 0.10123000, 0.47869270)
(-0.74247010, 0.10456340, 0.47234580)
(-0.73612340, 0.10981520, 0.46364860)
(-0.73612340, 0.10981520, 0.46364860)
(-0.73612340, 0.10981520, 0.46364860)
(-0.73430450, 0.11179900, 0.46094210)
(-0.73253550, 0.11343670, 0.45823640)
(-0.73092510, 0.11534650, 0.45564090)
(-0.72956030, 0.11728160, 0.45304690)
(-0.72830450, 0.11899320, 0.45042310)
(-0.72713630, 0.12071170, 0.44781750)
(-0.72601840, 0.12249780, 0.44520300)
(-0.72485480, 0.12423400, 0.44266520)
(-0.72278980, 0.12765800, 0.43766420)
(-0.72278980, 0.12765800, 0.43766420)
(-0.72189270, 0.12939750, 0.43527020)
(-0.72031510, 0.13269940, 0.43093030)
(-0.71959840, 0.13443680, 0.42889220)
(-0.71893110, 0.13612850, 0.42687950)
(-0.71827340, 0.13776170, 0.42498870)
(-0.71763260, 0.13938700, 0.42315270)
(-0.71701450, 0.14108520, 0.42141040)
(-0.71594080, 0.14443080, 0.41841340)
(-0.71542230, 0.14597580, 0.41701470)
(-0.71488030, 0.14755540, 0.41564270)
(-0.71430560, 0.14914690, 0.41434430)
(-0.71364770, 0.15059420, 0.41301130)
(-0.71295330, 0.15203170, 0.41172960)
(-0.71219500, 0.15342190, 0.41040020)
(-0.71141270, 0.15479100, 0.40903790)
(-0.71056410, 0.15617340, 0.40766720)
(-0.70973050, 0.15744610, 0.40630400)
(-0.70831620, 0.15980030, 0.40363420)
(-0.70779190, 0.16082690, 0.40227280)
(-0.70739430, 0.16184190, 0.40102000)
(-0.70713630, 0.16287540, 0.39957900)
(-0.70680680, 0.16394990, 0.39830740)
(-0.70656290, 0.16490220, 0.39687330)
(-0.70626290, 0.16593990, 0.39559360)
(-0.70547930, 0.16757220, 0.39295970)
(-0.70498500, 0.16832910, 0.39171260)
(-0.70498500, 0.16832910, 0.39171260)
(-0.70442130, 0.16905330, 0.39051800)
(-0.70387940, 0.16984930, 0.38927030)
(-0.70284410, 0.17100870, 0.38689110)
(-0.70242600, 0.17161260, 0.38581540)
(-0.70169020, 0.17224810, 0.38408060)
(-0.70125330, 0.17261350, 0.38347080)
(-0.70004440, 0.17273450, 0.38221080)
(-0.70004440, 0.17273450, 0.38221080)
(-0.69978390, 0.17270200, 0.38198370)
(-0.69978390, 0.17270200, 0.38198370)
(-0.69939510, 0.17247530, 0.38185660)
(-0.69928310, 0.17236550, 0.38191930)
(-0.69919820, 0.17219280, 0.38206240)
(-0.69919820, 0.17219280, 0.38206240)
(-0.69893000, 0.17165390, 0.38250890)
(-0.69868240, 0.17131900, 0.38279100)
(-0.69835590, 0.17095040, 0.38315740)
(-0.69788660, 0.17061000, 0.38362700)
(-0.69740890, 0.17022950, 0.38420240)
(-0.69649020, 0.16950970, 0.38564610)
(-0.69649020, 0.16950970, 0.38564610)
(-0.69620470, 0.16915020, 0.38630550)
(-0.69581760, 0.16848900, 0.38753740)
(-0.69564090, 0.16821960, 0.38822650)
(-0.69552520, 0.16805530, 0.38878330)
(-0.69514520, 0.16770610, 0.38964810)
(-0.69493530, 0.16764300, 0.38995090)
(-0.69470210, 0.16765440, 0.39018710)
(-0.69448180, 0.16775160, 0.39036840)
(-0.69429560, 0.16785240, 0.39049520)
(-0.69403440, 0.16800420, 0.39063980)
(-0.69403440, 0.16800420, 0.39063980)
(-0.69398800, 0.16817610, 0.39062430)
(-0.69394730, 0.16825360, 0.39056710)
(-0.69389310, 0.16837510, 0.39051260)
(-0.69382860, 0.16852640, 0.39046180)
(-0.69374140, 0.16869110, 0.39040550)
(-0.69374140, 0.16869110, 0.39040550)
(-0.69368210, 0.16903560, 0.39028100)
(-0.69373460, 0.16912510, 0.39021420)
(-0.69385400, 0.16918830, 0.39013190)
(-0.69402270, 0.16925490, 0.39005860)
(-0.69438060, 0.16933940, 0.38988380)
(-0.69451510, 0.16938060, 0.38981380)
(-0.69459590, 0.16940170, 0.38975330)
(-0.69465300, 0.16938030, 0.38968310)
(-0.69467900, 0.16930840, 0.38963040)
(-0.69467900, 0.16930840, 0.38963040)
(-0.69476880, 0.16905990, 0.38949370)
(-0.69483930, 0.16886400, 0.38942800)
(-0.69495140, 0.16856220, 0.38936870)
(-0.69500930, 0.16844800, 0.38932660)
(-0.69512840, 0.16826030, 0.38922000)
(-0.69520350, 0.16817300, 0.38916410)
(-0.69520350, 0.16817300, 0.38916410)
(-0.69520350, 0.16817300, 0.38916410)
(-0.69536210, 0.16807400, 0.38906330)
(-0.69546440, 0.16798970, 0.38900240)
(-0.69556020, 0.16795120, 0.38893660)
(-0.69564910, 0.16790780, 0.38888000)
(-0.69573320, 0.16784430, 0.38881190)
(-0.69580360, 0.16777650, 0.38875760)
(-0.69587720, 0.16775030, 0.38870230)
(-0.69591030, 0.16770800, 0.38869760)
(-0.69591030, 0.16770800, 0.38869760)
(-0.69599260, 0.16772690, 0.38868530)
(-0.69606210, 0.16771030, 0.38866950)
(-0.69611650, 0.16774430, 0.38865710)
(-0.69625770, 0.16772130, 0.38859810)
(-0.69631430, 0.16770190, 0.38858060)
(-0.69635700, 0.16769110, 0.38855930)
(-0.69639240, 0.16763970, 0.38852790)
(-0.69642600, 0.16758860, 0.38850980)
(-0.69642600, 0.16758860, 0.38850980)
(-0.69643100, 0.16747300, 0.38844870)
(-0.69643810, 0.16743800, 0.38842420)
(-0.69644980, 0.16730350, 0.38842350)
(-0.69651120, 0.16722300, 0.38837380)
(-0.69651600, 0.16709200, 0.38831890)
(-0.69654680, 0.16693010, 0.38826850)
(-0.69654680, 0.16693010, 0.38826850)
(-0.69654940, 0.16678540, 0.38821520)
(-0.69655110, 0.16644790, 0.38811800)
(-0.69659390, 0.16607230, 0.38783480)
(-0.69658210, 0.16592990, 0.38778930)
(-0.69654180, 0.16570810, 0.38768760)
(-0.69650740, 0.16563270, 0.38764740)
(-0.69648540, 0.16558410, 0.38759200)
(-0.69648930, 0.16554510, 0.38753440)
(-0.69657720, 0.16547960, 0.38746980)
(-0.69665000, 0.16541970, 0.38744880)
(-0.69673030, 0.16534000, 0.38746530)
(-0.69682170, 0.16525070, 0.38749450)
(-0.69681890, 0.16508910, 0.38749150)
(-0.69677610, 0.16490160, 0.38753280)
(-0.69671590, 0.16483010, 0.38756630)
(-0.69655700, 0.16455840, 0.38765430)
(-0.69655700, 0.16455840, 0.38765430)
(-0.69664100, 0.16443570, 0.38774240)
(-0.69671820, 0.16442240, 0.38771270)
(-0.69671820, 0.16442240, 0.38771270)
(-0.69681600, 0.16465700, 0.38774270)
(-0.69687250, 0.16467480, 0.38774230)
(-0.69692010, 0.16475500, 0.38771490)
(-0.69696160, 0.16493450, 0.38772260)
(-0.69699490, 0.16515080, 0.38773290)
(-0.69702790, 0.16543320, 0.38773780)
(-0.69709480, 0.16608500, 0.38777490)
(-0.69711840, 0.16640980, 0.38779310)
(-0.69713530, 0.16674120, 0.38782250)
(-0.69716160, 0.16703320, 0.38786770)
(-0.69717430, 0.16731980, 0.38790430)
(-0.69719290, 0.16754170, 0.38793470)
(-0.69720760, 0.16767620, 0.38799430)
(-0.69721410, 0.16791780, 0.38798790)
(-0.69721940, 0.16803390, 0.38801260)
(-0.69721170, 0.16809020, 0.38814500)
(-0.69721730, 0.16808610, 0.38816290)
(-0.69721890, 0.16799990, 0.38818150)
(-0.69724560, 0.16794280, 0.38817310)
(-0.69722250, 0.16781950, 0.38819120)
(-0.69720680, 0.16775340, 0.38818780)
(-0.69720380, 0.16778520, 0.38820780)
(-0.69721250, 0.16767920, 0.38820950)
(-0.69727790, 0.16774460, 0.38820880)
(-0.69728030, 0.16785550, 0.38821200)
(-0.69725040, 0.16790950, 0.38825720)
(-0.69728140, 0.16804780, 0.38818790)
(-0.69721420, 0.16815920, 0.38820250)
(-0.69721340, 0.16831640, 0.38816050)
(-0.69712670, 0.16832060, 0.38818600)
(-0.69710670, 0.16845580, 0.38813600)
(-0.69706950, 0.16854770, 0.38812420)
(-0.69700060, 0.16858920, 0.38814780)
(-0.69695850, 0.16866580, 0.38806130)
(-0.69694140, 0.16873190, 0.38797170)
(-0.69691160, 0.16873990, 0.38792770)
(-0.69692460, 0.16870550, 0.38784470)
(-0.69685550, 0.16873580, 0.38782500)
(-0.69679840, 0.16874500, 0.38781560)
(-0.69668130, 0.16887240, 0.38786090)
(-0.69666180, 0.16895010, 0.38788750)
(-0.69669190, 0.16910260, 0.38789020)
(-0.69669190, 0.16910260, 0.38789020)
(-0.69673890, 0.17008280, 0.38816050)
(-0.69673890, 0.17008280, 0.38816050)
(-0.69679620, 0.17031040, 0.38820480)
(-0.69679620, 0.17031040, 0.38820480)
(-0.69688640, 0.17054520, 0.38824950)
(-0.69695220, 0.17077760, 0.38826280)
(-0.69699260, 0.17100320, 0.38833600)
(-0.69696340, 0.17113400, 0.38836900)
(-0.69686980, 0.17125070, 0.38843150)
(-0.69684980, 0.17131970, 0.38845100)
(-0.69687740, 0.17144760, 0.38849540)
(-0.69690350, 0.17156740, 0.38847270)
(-0.69695190, 0.17170340, 0.38847670)
(-0.69697730, 0.17189430, 0.38848940)
(-0.69703830, 0.17216740, 0.38851430)
(-0.69707740, 0.17253660, 0.38848310)
(-0.69711650, 0.17273020, 0.38849070)
(-0.69714210, 0.17294800, 0.38850240)
(-0.69716320, 0.17312640, 0.38850410)
(-0.69715680, 0.17330920, 0.38852890)
(-0.69713350, 0.17350740, 0.38855450)
(-0.69711710, 0.17365530, 0.38856230)
(-0.69709400, 0.17382450, 0.38859650)
(-0.69705490, 0.17401080, 0.38867050)
(-0.69707390, 0.17412830, 0.38868570)
(-0.69714250, 0.17434150, 0.38867420)
(-0.69715440, 0.17440870, 0.38870530)
(-0.69716030, 0.17442530, 0.38871100)
(-0.69717290, 0.17453630, 0.38874710)
(-0.69720640, 0.17450940, 0.38873530)
(-0.69725460, 0.17453070, 0.38872550)
(-0.69729570, 0.17448200, 0.38871180)
(-0.69724910, 0.17440380, 0.38867960)
(-0.69720730, 0.17446260, 0.38868350)
(-0.69709630, 0.17445110, 0.38872180)
(-0.69709630, 0.17445110, 0.38872180)
(-0.69702310, 0.17442690, 0.38870750)
(-0.69695030, 0.17429890, 0.38866860)
(-0.69690610, 0.17409190, 0.38851630)
(-0.69684660, 0.17401480, 0.38847670)
(-0.69680700, 0.17394080, 0.38841040)
(-0.69679230, 0.17389030, 0.38835280)
(-0.69686060, 0.17373820, 0.38821220)
(-0.69690810, 0.17366830, 0.38815390)
(-0.69690810, 0.17366830, 0.38815390)
(-0.69695430, 0.17353330, 0.38807770)
(-0.69705930, 0.17337850, 0.38798050)
(-0.69715240, 0.17334190, 0.38797080)
(-0.69715240, 0.17334190, 0.38797080)
(-0.69715240, 0.17334190, 0.38797080)
(-0.69723420, 0.17333200, 0.38799230)
(-0.69721140, 0.17333640, 0.38802550)
(-0.69721140, 0.17333640, 0.38802550)
(-0.69716440, 0.17332980, 0.38805250)
(-0.69713540, 0.17332700, 0.38810330)
(-0.69710210, 0.17332200, 0.38814140)
(-0.69704290, 0.17330410, 0.38823630)
(-0.69703870, 0.17328550, 0.38826570)
(-0.69703320, 0.17330820, 0.38830710)
(-0.69707300, 0.17330810, 0.38832450)
(-0.69713560, 0.17327950, 0.38831190)
(-0.69721030, 0.17322180, 0.38830000)
(-0.69737420, 0.17304940, 0.38824310)
(-0.69743270, 0.17298790, 0.38821970)
(-0.69748010, 0.17294880, 0.38819490)
(-0.69752030, 0.17288500, 0.38815670)
(-0.69762600, 0.17281880, 0.38810500)
(-0.69768860, 0.17278150, 0.38807600)
(-0.69775840, 0.17278130, 0.38805900)
(-0.69780780, 0.17274150, 0.38803840)
(-0.69784120, 0.17271190, 0.38802240)
(-0.69786050, 0.17267000, 0.38800450)
(-0.69786520, 0.17264770, 0.38801520)
(-0.69784830, 0.17263350, 0.38801390)
(-0.69782560, 0.17263590, 0.38802880)
(-0.69781960, 0.17265970, 0.38803530)
(-0.69783910, 0.17267980, 0.38804450)
(-0.69786910, 0.17269780, 0.38804980)
(-0.69794610, 0.17275110, 0.38804610)
(-0.69796100, 0.17279090, 0.38805320)
(-0.69793160, 0.17283450, 0.38807730)
(-0.69789550, 0.17288030, 0.38810290)
(-0.69783860, 0.17294540, 0.38812150)
(-0.69778790, 0.17310530, 0.38814140)
(-0.69777720, 0.17313280, 0.38813580)
(-0.69775720, 0.17318510, 0.38811640)
(-0.69772010, 0.17312130, 0.38805640)
(-0.69764770, 0.17310810, 0.38802770)
(-0.69764770, 0.17310810, 0.38802770)
(-0.69753140, 0.17308430, 0.38800690)
(-0.69727490, 0.17300420, 0.38793650)
(-0.69719050, 0.17280030, 0.38784350)
(-0.69716670, 0.17256180, 0.38768250)
(-0.69716670, 0.17256180, 0.38768250)
(-0.69716670, 0.17256180, 0.38768250)
(-0.69707970, 0.17253700, 0.38766800)
(-0.69699910, 0.17250770, 0.38767540)
(-0.69699910, 0.17250770, 0.38767540)
(-0.69684760, 0.17232580, 0.38772210)
(-0.69674880, 0.17222610, 0.38776240)
(-0.69663720, 0.17212100, 0.38780670)
(-0.69652720, 0.17200470, 0.38784670)
(-0.69642190, 0.17194450, 0.38788350)
(-0.69634460, 0.17183710, 0.38790280)
(-0.69623750, 0.17171150, 0.38796060)
(-0.69618670, 0.17171900, 0.38801380)
(-0.69614120, 0.17176510, 0.38806340)
(-0.69613700, 0.17180590, 0.38806980)
(-0.69618300, 0.17186220, 0.38807940)
(-0.69625290, 0.17195340, 0.38808130)
(-0.69635370, 0.17198250, 0.38805290)
(-0.69639130, 0.17210570, 0.38805680)
(-0.69640930, 0.17218610, 0.38805980)
(-0.69641200, 0.17226820, 0.38805930)
(-0.69638880, 0.17240210, 0.38806550)
(-0.69637140, 0.17243040, 0.38805480)
(-0.69633560, 0.17246500, 0.38808420)
(-0.69628720, 0.17247630, 0.38809680)
(-0.69623130, 0.17251800, 0.38814070)
(-0.69618610, 0.17255540, 0.38819710)
(-0.69621120, 0.17256690, 0.38820660)
(-0.69621120, 0.17256690, 0.38820660)
(-0.69623610, 0.17253240, 0.38821290)
(-0.69619550, 0.17251970, 0.38823500)
(-0.69619550, 0.17251970, 0.38823500)
(-0.69615810, 0.17248710, 0.38825960)
(-0.69609400, 0.17247490, 0.38824730)
(-0.69601360, 0.17250300, 0.38827090)
(-0.69601360, 0.17250300, 0.38827090)
(-0.69601080, 0.17259840, 0.38826570)
(-0.69602550, 0.17266690, 0.38820590)
(-0.69602550, 0.17266690, 0.38820590)
(-0.69602550, 0.17266690, 0.38820590)
(-0.69602550, 0.17266690, 0.38820590)
(-0.69600520, 0.17257730, 0.38808710)
(-0.69594080, 0.17254370, 0.38802920)
(-0.69588520, 0.17249250, 0.38796810)
(-0.69577090, 0.17251760, 0.38790660)
(-0.69579690, 0.17267940, 0.38786410)
(-0.69579690, 0.17267940, 0.38786410)
(-0.69584240, 0.17276420, 0.38786680)
(-0.69584240, 0.17276420, 0.38786680)
(-0.69591160, 0.17297290, 0.38784130)
(-0.69596010, 0.17314590, 0.38784320)
(-0.69600610, 0.17329440, 0.38788200)
(-0.69603330, 0.17348290, 0.38795050)
(-0.69604630, 0.17363620, 0.38800130)
(-0.69602350, 0.17388180, 0.38809580)
(-0.69601420, 0.17395150, 0.38812290)
(-0.69600470, 0.17400260, 0.38816040)
(-0.69601590, 0.17399240, 0.38816120)
(-0.69602620, 0.17400470, 0.38818150)
(-0.69604750, 0.17398890, 0.38820250)
(-0.69606650, 0.17396800, 0.38819120)
(-0.69610060, 0.17393020, 0.38819470)
(-0.69613280, 0.17389310, 0.38818540)
(-0.69616480, 0.17385960, 0.38818950)
(-0.69618140, 0.17382320, 0.38817790)
(-0.69619130, 0.17378730, 0.38817480)
(-0.69619100, 0.17378790, 0.38817990)
(-0.69619920, 0.17377620, 0.38816670)
(-0.69620410, 0.17379340, 0.38815470)
(-0.69620980, 0.17378850, 0.38815720)
(-0.69621710, 0.17379160, 0.38816500)
(-0.69619320, 0.17379490, 0.38817520)
(-0.69619230, 0.17381020, 0.38818160)
(-0.69618770, 0.17379060, 0.38818650)
(-0.69619520, 0.17380090, 0.38822550)
(-0.69621630, 0.17378500, 0.38821830)
(-0.69624200, 0.17376960, 0.38821750)
(-0.69624920, 0.17374080, 0.38821210)
(-0.69623490, 0.17369910, 0.38820380)
(-0.69620780, 0.17364380, 0.38820450)
(-0.69616130, 0.17356840, 0.38818770)
(-0.69608540, 0.17348210, 0.38819520)
(-0.69608540, 0.17348210, 0.38819520)
(-0.69608400, 0.17342970, 0.38816200)
(-0.69610000, 0.17333450, 0.38812090)
(-0.69617830, 0.17314430, 0.38799230)
(-0.69620360, 0.17303280, 0.38789110)
(-0.69619460, 0.17293620, 0.38782040)
(-0.69617640, 0.17290490, 0.38777910)
(-0.69614680, 0.17289480, 0.38774920)
(-0.69611700, 0.17300960, 0.38775710)
(-0.69612740, 0.17331860, 0.38780920)
(-0.69612740, 0.17331860, 0.38780920)
(-0.69611120, 0.17342380, 0.38786020)
(-0.69611120, 0.17342380, 0.38786020)
(-0.69609500, 0.17351710, 0.38790130)
(-0.69606640, 0.17361150, 0.38794150)
(-0.69603790, 0.17364730, 0.38799150)
(-0.69602080, 0.17364160, 0.38802400)
(-0.69601790, 0.17368490, 0.38805340)
(-0.69603010, 0.17356990, 0.38810430)
(-0.69605320, 0.17349170, 0.38811810)
(-0.69607410, 0.17342930, 0.38813060)
(-0.69611400, 0.17331020, 0.38811790)
(-0.69613960, 0.17322480, 0.38810780)
(-0.69615500, 0.17314840, 0.38811700)
(-0.69617380, 0.17309420, 0.38811530)
(-0.69618210, 0.17308190, 0.38813110)
(-0.69617940, 0.17311410, 0.38812990)
(-0.69618940, 0.17314420, 0.38812710)
(-0.69620280, 0.17323360, 0.38811390)
(-0.69621180, 0.17327630, 0.38810010)
(-0.69620360, 0.17333690, 0.38810090)
(-0.69616810, 0.17341010, 0.38811100)
(-0.69613390, 0.17345260, 0.38812640)
(-0.69609700, 0.17353370, 0.38814700)
(-0.69608870, 0.17360920, 0.38815370)
(-0.69610630, 0.17366660, 0.38816090)
(-0.69613770, 0.17368540, 0.38816090)
(-0.69616780, 0.17368810, 0.38815570)
(-0.69621830, 0.17370770, 0.38814500)
(-0.69626160, 0.17368460, 0.38813950)
(-0.69631080, 0.17364220, 0.38812090)
(-0.69633190, 0.17359390, 0.38810980)
(-0.69631640, 0.17359220, 0.38811750)
(-0.69631530, 0.17350490, 0.38810970)
(-0.69630040, 0.17344010, 0.38809500)
(-0.69630550, 0.17333880, 0.38807230)
(-0.69634220, 0.17315230, 0.38799490)
(-0.69636980, 0.17302950, 0.38792800)
(-0.69637470, 0.17286530, 0.38784620)
(-0.69634860, 0.17272030, 0.38774220)
(-0.69629730, 0.17259390, 0.38764180)
(-0.69618600, 0.17249540, 0.38758630)
(-0.69611420, 0.17243950, 0.38752360)
(-0.69603940, 0.17244910, 0.38747000)
(-0.69593060, 0.17263880, 0.38743030)
(-0.69572770, 0.17313660, 0.38759720)
(-0.69572770, 0.17313660, 0.38759720)
(-0.69563190, 0.17325860, 0.38765050)
(-0.69563190, 0.17325860, 0.38765050)
(-0.69558670, 0.17339910, 0.38774240)
(-0.69555540, 0.17344950, 0.38779250)
(-0.69554100, 0.17347590, 0.38785040)
(-0.69555470, 0.17344190, 0.38791060)
(-0.69554980, 0.17342320, 0.38801760)
(-0.69560500, 0.17333000, 0.38814180)
(-0.69563230, 0.17329240, 0.38819690)
(-0.69570320, 0.17328670, 0.38819500)
(-0.69572470, 0.17326820, 0.38825360)
(-0.69578100, 0.17326120, 0.38826180)
(-0.69584150, 0.17329260, 0.38826820)
(-0.69600030, 0.17340860, 0.38819110)
(-0.69604030, 0.17350110, 0.38818370)
(-0.69604030, 0.17350110, 0.38818370)
(-0.69605430, 0.17358320, 0.38817640)
(-0.69605330, 0.17366790, 0.38816010)
(-0.69601560, 0.17377710, 0.38813170)
(-0.69596990, 0.17379080, 0.38812640)
(-0.69595190, 0.17381730, 0.38813240)
(-0.69593610, 0.17383560, 0.38812330)
(-0.69592030, 0.17384150, 0.38813190)
(-0.69591530, 0.17378400, 0.38814240)
(-0.69591530, 0.17378400, 0.38814240)
(-0.69591860, 0.17376680, 0.38815140)
(-0.69594660, 0.17360830, 0.38812770)
(-0.69594260, 0.17355780, 0.38814270)
(-0.69595970, 0.17348130, 0.38813770)
(-0.69594250, 0.17341660, 0.38814990)
(-0.69595460, 0.17336910, 0.38813660)
(-0.69596870, 0.17335520, 0.38812980)
(-0.69597860, 0.17333740, 0.38811840)
(-0.69598290, 0.17330710, 0.38808540)
(-0.69598450, 0.17313010, 0.38794610)
(-0.69597140, 0.17307400, 0.38788100)
(-0.69598080, 0.17299690, 0.38778360)
(-0.69599130, 0.17296790, 0.38771510)
(-0.69601090, 0.17291780, 0.38764310)
(-0.69600580, 0.17293270, 0.38762650)
(-0.69599360, 0.17292790, 0.38761400)
(-0.69596990, 0.17300240, 0.38764120)
(-0.69592430, 0.17308260, 0.38767870)
(-0.69580030, 0.17335110, 0.38781100)
(-0.69562210, 0.17384000, 0.38804960)
(-0.69562210, 0.17384000, 0.38804960)
(-0.69562210, 0.17384000, 0.38804960)
(-0.69560660, 0.17395070, 0.38808970)
(-0.69562590, 0.17399530, 0.38813020)
(-0.69562510, 0.17401330, 0.38817480)
(-0.69562440, 0.17399400, 0.38819820)
(-0.69563300, 0.17396650, 0.38824000)
(-0.69565490, 0.17377120, 0.38825740)
(-0.69567750, 0.17362230, 0.38826270)
(-0.69570890, 0.17348030, 0.38825260)
(-0.69571260, 0.17334860, 0.38825750)
(-0.69573730, 0.17322340, 0.38823480)
(-0.69574150, 0.17314190, 0.38821950)
(-0.69573100, 0.17303390, 0.38819920)
(-0.69570270, 0.17298010, 0.38818460)
(-0.69564560, 0.17289040, 0.38814040)
(-0.69558980, 0.17290460, 0.38815310)
(-0.69553060, 0.17294580, 0.38817050)
(-0.69546800, 0.17299810, 0.38818630)
(-0.69541810, 0.17305240, 0.38819840)
(-0.69537030, 0.17314000, 0.38822590)
(-0.69532820, 0.17314550, 0.38824660)
(-0.69529910, 0.17321570, 0.38827100)
(-0.69529910, 0.17321570, 0.38827100)
(-0.69529720, 0.17327160, 0.38827870)
(-0.69529440, 0.17329580, 0.38827760)
(-0.69534360, 0.17332220, 0.38827510)
(-0.69536330, 0.17334560, 0.38827950)
(-0.69537310, 0.17333580, 0.38827390)
(-0.69537790, 0.17328560, 0.38824810)
(-0.69534540, 0.17326730, 0.38826730)
(-0.69535680, 0.17325300, 0.38821950)
(-0.69533810, 0.17323250, 0.38819390)
(-0.69529700, 0.17317840, 0.38810180)
(-0.69528430, 0.17317000, 0.38804600)
(-0.69525140, 0.17304900, 0.38799220)
(-0.69526620, 0.17299890, 0.38791330)
(-0.69521090, 0.17298450, 0.38786400)
(-0.69511650, 0.17300530, 0.38783090)
(-0.69499780, 0.17305270, 0.38781860)
(-0.69489550, 0.17310370, 0.38783240)
(-0.69475760, 0.17322870, 0.38791030)
(-0.69471150, 0.17330040, 0.38798690)
(-0.69471150, 0.17330040, 0.38798690)
(-0.69465640, 0.17335780, 0.38802850)
(-0.69453330, 0.17358080, 0.38812880)
(-0.69457380, 0.17357180, 0.38814330)
(-0.69457380, 0.17357180, 0.38814330)
(-0.69457380, 0.17357180, 0.38814330)
(-0.69461340, 0.17357150, 0.38817060)
(-0.69467460, 0.17351880, 0.38824190)
(-0.69472250, 0.17348820, 0.38826600)
(-0.69478550, 0.17345350, 0.38826620)
(-0.69484840, 0.17335880, 0.38824410)
(-0.69491710, 0.17327390, 0.38823450)
(-0.69498000, 0.17316060, 0.38823280)
(-0.69501460, 0.17305300, 0.38822180)
(-0.69502880, 0.17296800, 0.38823270)
(-0.69504240, 0.17287030, 0.38823580)
(-0.69503840, 0.17279630, 0.38822540)
(-0.69504430, 0.17273150, 0.38821880)
(-0.69502710, 0.17262570, 0.38822310)
(-0.69499620, 0.17271540, 0.38824100)
(-0.69496960, 0.17270730, 0.38825110)
(-0.69492680, 0.17271890, 0.38825070)
(-0.69488880, 0.17267320, 0.38824030)
(-0.69484590, 0.17268790, 0.38823660)
(-0.69480360, 0.17271220, 0.38823610)
(-0.69473300, 0.17273050, 0.38821910)
(-0.69473300, 0.17273050, 0.38821910)
(-0.69470860, 0.17263050, 0.38821170)
(-0.69468630, 0.17263840, 0.38821130)
(-0.69464530, 0.17265880, 0.38820570)
(-0.69463700, 0.17258830, 0.38821980)
(-0.69464720, 0.17261240, 0.38819560)
(-0.69466470, 0.17252430, 0.38820330)
(-0.69467340, 0.17258470, 0.38818440)
(-0.69469480, 0.17258450, 0.38817910)
(-0.69471100, 0.17250460, 0.38816690)
(-0.69477650, 0.17242340, 0.38806740)
(-0.69484070, 0.17231600, 0.38796070)
(-0.69487870, 0.17220940, 0.38783060)
(-0.69484280, 0.17207250, 0.38774130)
(-0.69472070, 0.17181720, 0.38769860)
(-0.69457700, 0.17169260, 0.38767810)
(-0.69445760, 0.17162180, 0.38763380)
(-0.69435030, 0.17158470, 0.38763540)
(-0.69429590, 0.17159070, 0.38764940)
(-0.69427060, 0.17173500, 0.38770710)
(-0.69431140, 0.17187810, 0.38776130)
(-0.69433770, 0.17199590, 0.38780080)
(-0.69434140, 0.17206890, 0.38782390)
(-0.69426610, 0.17222890, 0.38802420)
(-0.69425020, 0.17226720, 0.38807800)
(-0.69425020, 0.17226720, 0.38807800)
(-0.69424120, 0.17228710, 0.38813450)
(-0.69430240, 0.17233900, 0.38813520)
(-0.69430710, 0.17230200, 0.38819890)
(-0.69430710, 0.17230200, 0.38819890)
(-0.69449440, 0.17233440, 0.38815370)
(-0.69454470, 0.17230330, 0.38818830)
(-0.69462030, 0.17227930, 0.38814260)
(-0.69468420, 0.17226430, 0.38814200)
(-0.69468420, 0.17226430, 0.38814200)
(-0.69469030, 0.17228220, 0.38814360)
(-0.69466300, 0.17228730, 0.38814680)
(-0.69466300, 0.17228730, 0.38814680)
(-0.69466190, 0.17230990, 0.38814940)
(-0.69464840, 0.17235580, 0.38814680)
(-0.69464840, 0.17235580, 0.38814680)
(-0.69462060, 0.17239060, 0.38817130)
(-0.69458320, 0.17240540, 0.38818060)
(-0.69458320, 0.17240540, 0.38818060)
(-0.69455370, 0.17241640, 0.38818210)
(-0.69455370, 0.17241640, 0.38818210)
(-0.69454080, 0.17238860, 0.38820300)
(-0.69455270, 0.17235610, 0.38818110)
(-0.69456360, 0.17234250, 0.38817760)
(-0.69459100, 0.17233730, 0.38813010)
(-0.69461150, 0.17228730, 0.38810370)
(-0.69459260, 0.17226410, 0.38812060)
(-0.69463900, 0.17225720, 0.38806440)
(-0.69463650, 0.17215540, 0.38802860)
(-0.69467180, 0.17215700, 0.38794140)
(-0.69465240, 0.17220380, 0.38796570)
(-0.69470420, 0.17228960, 0.38788010)
(-0.69475080, 0.17235940, 0.38783470)
(-0.69480560, 0.17236890, 0.38774800)
(-0.69486450, 0.17241240, 0.38772940)
(-0.69492180, 0.17262440, 0.38769130)
(-0.69493570, 0.17263710, 0.38766900)
(-0.69497480, 0.17269850, 0.38766510)
(-0.69506220, 0.17273700, 0.38773020)
(-0.69511640, 0.17276520, 0.38779150)
(-0.69515450, 0.17279440, 0.38785450)
(-0.69518860, 0.17278560, 0.38791480)
(-0.69520080, 0.17275140, 0.38797530)
(-0.69521360, 0.17271900, 0.38805250)
(-0.69520090, 0.17258430, 0.38814810)
(-0.69517230, 0.17243730, 0.38820740)
(-0.69512400, 0.17232740, 0.38823670)
(-0.69512400, 0.17232740, 0.38823670)
(-0.69507040, 0.17223600, 0.38824830)
(-0.69503940, 0.17217980, 0.38826900)
(-0.69500490, 0.17214190, 0.38826900)
(-0.69501390, 0.17212410, 0.38825390)
(-0.69504320, 0.17221610, 0.38823610)
(-0.69507310, 0.17218830, 0.38818910)
(-0.69508450, 0.17211750, 0.38815170)
(-0.69507430, 0.17208210, 0.38813330)
(-0.69503270, 0.17210060, 0.38816720)
(-0.69497420, 0.17215130, 0.38818660)
(-0.69498060, 0.17207740, 0.38821690)
(-0.69504490, 0.17209220, 0.38816620)
(-0.69506820, 0.17200230, 0.38815390)
(-0.69510800, 0.17199900, 0.38816020)
(-0.69514930, 0.17205190, 0.38813140)
(-0.69519170, 0.17199620, 0.38811980)
(-0.69526440, 0.17196640, 0.38811450)
(-0.69529160, 0.17190660, 0.38810690)
(-0.69529110, 0.17188820, 0.38812260)
(-0.69528900, 0.17183520, 0.38812520)
(-0.69528900, 0.17183520, 0.38812520)
(-0.69526990, 0.17183150, 0.38813310)
(-0.69526460, 0.17170390, 0.38814090)
(-0.69525330, 0.17167610, 0.38807900)
(-0.69525400, 0.17167910, 0.38805610)
(-0.69521730, 0.17161940, 0.38802360)
(-0.69524020, 0.17174620, 0.38796890)
(-0.69517320, 0.17151970, 0.38791950)
(-0.69514550, 0.17153760, 0.38784460)
(-0.69514550, 0.17153760, 0.38784460)
(-0.69498530, 0.17137730, 0.38780380)
(-0.69495470, 0.17139280, 0.38776530)
(-0.69489890, 0.17142680, 0.38775250)
(-0.69492820, 0.17151440, 0.38773370)
(-0.69496230, 0.17156980, 0.38773770)
(-0.69496230, 0.17156980, 0.38773770)
(-0.69498570, 0.17165010, 0.38776210)
(-0.69496100, 0.17166800, 0.38782450)
(-0.69496170, 0.17172720, 0.38786750)
(-0.69494790, 0.17197470, 0.38799640)
(-0.69492760, 0.17202310, 0.38809050)
(-0.69494330, 0.17217470, 0.38815050)
(-0.69511830, 0.17229500, 0.38823370)
(-0.69522350, 0.17230470, 0.38826200)
(-0.69551590, 0.17215570, 0.38830270)
(-0.69551590, 0.17215570, 0.38830270)
(-0.69555630, 0.17212760, 0.38829140)
(-0.69555630, 0.17212760, 0.38829140)
(-0.69556990, 0.17207210, 0.38829170)
(-0.69559410, 0.17199570, 0.38828310)
(-0.69561030, 0.17192350, 0.38827060)
(-0.69563600, 0.17180620, 0.38822860)
(-0.69562450, 0.17171230, 0.38818960)
(-0.69560180, 0.17164600, 0.38817150)
(-0.69556750, 0.17165250, 0.38817620)
(-0.69553440, 0.17159750, 0.38815370)
(-0.69553440, 0.17159750, 0.38815370)
(-0.69547940, 0.17161220, 0.38815520)
(-0.69546840, 0.17165080, 0.38816550)
(-0.69543830, 0.17163090, 0.38815710)
(-0.69540940, 0.17161240, 0.38815940)
(-0.69538020, 0.17163010, 0.38818100)
(-0.69534990, 0.17164440, 0.38818950)
(-0.69537020, 0.17165510, 0.38819520)
(-0.69539540, 0.17164910, 0.38819290)
(-0.69541510, 0.17164180, 0.38819210)
(-0.69541320, 0.17163190, 0.38820010)
(-0.69542470, 0.17159400, 0.38817710)
(-0.69543000, 0.17152670, 0.38816480)
(-0.69542670, 0.17149440, 0.38814220)
(-0.69538960, 0.17135290, 0.38809300)
(-0.69538960, 0.17135290, 0.38809300)
(-0.69531200, 0.17123350, 0.38805690)
(-0.69524470, 0.17111320, 0.38792480)
(-0.69524530, 0.17114070, 0.38787750)
(-0.69522380, 0.17110530, 0.38780560)
(-0.69518210, 0.17100410, 0.38772680)
(-0.69516470, 0.17100970, 0.38769420)
(-0.69513170, 0.17103980, 0.38769650)
(-0.69505260, 0.17112000, 0.38768130)
(-0.69504270, 0.17117220, 0.38769450)
(-0.69503710, 0.17126720, 0.38773630)
(-0.69503500, 0.17137230, 0.38776290)
(-0.69500510, 0.17144470, 0.38784540)
(-0.69501860, 0.17159370, 0.38788450)
(-0.69497050, 0.17165720, 0.38797270)
(-0.69494700, 0.17179120, 0.38807300)
(-0.69501020, 0.17194630, 0.38814720)
(-0.69504360, 0.17197670, 0.38818470)
(-0.69510250, 0.17197750, 0.38820540)
(-0.69513260, 0.17197750, 0.38822540)
(-0.69522210, 0.17198810, 0.38828220)
(-0.69522210, 0.17198810, 0.38828220)
(-0.69522210, 0.17198810, 0.38828220)
(-0.69523110, 0.17196720, 0.38828010)
(-0.69524620, 0.17191540, 0.38827200)
(-0.69524970, 0.17191050, 0.38825130)
(-0.69523950, 0.17188580, 0.38823550)
(-0.69522560, 0.17187360, 0.38822870)
(-0.69521380, 0.17185760, 0.38823350)
(-0.69522450, 0.17184290, 0.38821660)
(-0.69524620, 0.17180520, 0.38819760)
(-0.69525800, 0.17177100, 0.38819810)
(-0.69528230, 0.17173010, 0.38818520)
(-0.69527570, 0.17165200, 0.38815680)
(-0.69529420, 0.17160150, 0.38816370)
(-0.69532100, 0.17145380, 0.38813660)
(-0.69534760, 0.17139260, 0.38812430)
(-0.69535480, 0.17134100, 0.38811900)
(-0.69534840, 0.17126960, 0.38813120)
(-0.69537860, 0.17125090, 0.38811240)
(-0.69539340, 0.17123130, 0.38809810)
(-0.69539750, 0.17123360, 0.38807450)
(-0.69542950, 0.17128780, 0.38803730)
(-0.69539320, 0.17123350, 0.38804570)
(-0.69537510, 0.17122910, 0.38803690)
(-0.69536490, 0.17122610, 0.38794290)
(-0.69535910, 0.17119170, 0.38788780)
(-0.69535930, 0.17116250, 0.38781910)
(-0.69534280, 0.17105050, 0.38775210)
(-0.69535590, 0.17092900, 0.38765660)
(-0.69540750, 0.17088200, 0.38753950)
(-0.69540340, 0.17086440, 0.38748200)
(-0.69540430, 0.17077920, 0.38745420)
(-0.69546900, 0.17081650, 0.38735460)
(-0.69543800, 0.17084840, 0.38737310)
(-0.69543670, 0.17087120, 0.38738600)
(-0.69543250, 0.17094350, 0.38736930)
(-0.69536880, 0.17095970, 0.38743700)
(-0.69531570, 0.17094360, 0.38746570)
(-0.69530270, 0.17096940, 0.38747090)
(-0.69524050, 0.17092440, 0.38751070)
(-0.69520070, 0.17092560, 0.38754340)
(-0.69512710, 0.17094600, 0.38766090)
(-0.69510920, 0.17094940, 0.38773000)
(-0.69508320, 0.17102990, 0.38779790)
(-0.69508330, 0.17112630, 0.38787840)
(-0.69510210, 0.17126010, 0.38792940)
(-0.69529120, 0.17168170, 0.38796140)
(-0.69529120, 0.17168170, 0.38796140)
(-0.69533540, 0.17169780, 0.38795240)
(-0.69536920, 0.17175510, 0.38793300)
(-0.69536920, 0.17175510, 0.38793300)
(-0.69542160, 0.17177250, 0.38794360)
(-0.69547980, 0.17177430, 0.38791750)
(-0.69549270, 0.17179180, 0.38790250)
(-0.69550130, 0.17177560, 0.38789960)
(-0.69548730, 0.17172980, 0.38790620)
(-0.69547720, 0.17169680, 0.38787950)
(-0.69545910, 0.17164410, 0.38787790)
(-0.69544320, 0.17171080, 0.38790370)
(-0.69544320, 0.17171080, 0.38790370)
(-0.69537490, 0.17154130, 0.38791510)
(-0.69533200, 0.17145010, 0.38795050)
(-0.69529070, 0.17144150, 0.38797120)
(-0.69527440, 0.17139470, 0.38797210)
(-0.69524930, 0.17137070, 0.38795300)
(-0.69524140, 0.17128650, 0.38792630)
(-0.69522930, 0.17122200, 0.38789650)
(-0.69520070, 0.17111440, 0.38786960)
(-0.69516840, 0.17097660, 0.38781740)
(-0.69513200, 0.17085930, 0.38776980)
(-0.69502270, 0.17064240, 0.38765550)
(-0.69498660, 0.17054350, 0.38757090)
(-0.69499640, 0.17043150, 0.38748480)
(-0.69499640, 0.17043150, 0.38748480)
(-0.69499320, 0.17025700, 0.38732990)
(-0.69499320, 0.17025700, 0.38732990)
(-0.69495390, 0.17016500, 0.38728740)
(-0.69483050, 0.17012860, 0.38729270)
(-0.69476710, 0.17010560, 0.38730460)
(-0.69472740, 0.17014640, 0.38734550)
(-0.69468540, 0.17019270, 0.38737630)
(-0.69468870, 0.17029440, 0.38745530)
(-0.69469950, 0.17034520, 0.38750470)
(-0.69471310, 0.17041890, 0.38755310)
(-0.69471260, 0.17051530, 0.38760260)
(-0.69471750, 0.17059240, 0.38764290)
(-0.69473530, 0.17068830, 0.38768010)
(-0.69476410, 0.17077960, 0.38771390)
(-0.69480500, 0.17089920, 0.38775360)
(-0.69487510, 0.17095270, 0.38778020)
(-0.69503930, 0.17105010, 0.38777990)
(-0.69512030, 0.17107830, 0.38777650)
(-0.69527180, 0.17108060, 0.38774310)
(-0.69527180, 0.17108060, 0.38774310)
(-0.69532370, 0.17112160, 0.38773850)
(-0.69541600, 0.17123700, 0.38773400)
(-0.69550620, 0.17129770, 0.38772550)
(-0.69557680, 0.17139650, 0.38769720)
(-0.69561810, 0.17141500, 0.38768180)
(-0.69562640, 0.17152740, 0.38769530)
(-0.69559090, 0.17142850, 0.38767710)
(-0.69557760, 0.17140080, 0.38768670)
(-0.69555160, 0.17137850, 0.38768940)
(-0.69555310, 0.17127840, 0.38769670)
(-0.69553800, 0.17122430, 0.38770380)
(-0.69553980, 0.17116530, 0.38771030)
(-0.69553120, 0.17110780, 0.38772070)
(-0.69553860, 0.17104410, 0.38771480)
(-0.69556350, 0.17094570, 0.38771610)
(-0.69552140, 0.17087950, 0.38773830)
(-0.69551620, 0.17085060, 0.38773520)
(-0.69553260, 0.17086720, 0.38770640)
(-0.69550780, 0.17084870, 0.38770340)
(-0.69545190, 0.17074110, 0.38772080)
(-0.69546810, 0.17073020, 0.38765280)
(-0.69543710, 0.17062570, 0.38763500)
(-0.69542320, 0.17054620, 0.38752400)
(-0.69538460, 0.17050080, 0.38748710)
(-0.69531570, 0.17042600, 0.38742040)
(-0.69530120, 0.17039250, 0.38736200)
(-0.69530800, 0.17038550, 0.38726750)
(-0.69533460, 0.17036270, 0.38717300)
(-0.69537310, 0.17032340, 0.38706250)
(-0.69538840, 0.17033470, 0.38697990)
(-0.69537400, 0.17031810, 0.38693080)
(-0.69526960, 0.17035220, 0.38694480)
(-0.69522430, 0.17039820, 0.38699270)
(-0.69517680, 0.17047910, 0.38703750)
(-0.69514100, 0.17054900, 0.38710890)
(-0.69512980, 0.17063450, 0.38716950)
(-0.69514540, 0.17076220, 0.38724130)
(-0.69517060, 0.17083340, 0.38729820)
(-0.69513820, 0.17088120, 0.38742840)
(-0.69524670, 0.17100500, 0.38741280)
(-0.69532180, 0.17099720, 0.38751940)
(-0.69538020, 0.17096370, 0.38755920)
(-0.69545810, 0.17101890, 0.38757990)
(-0.69550900, 0.17100890, 0.38762520)
(-0.69564500, 0.17102390, 0.38773100)
(-0.69564500, 0.17102390, 0.38773100)
(-0.69566440, 0.17106280, 0.38773600)
(-0.69566440, 0.17106280, 0.38773600)
(-0.69566120, 0.17113890, 0.38774180)
(-0.69566850, 0.17120970, 0.38774180)
(-0.69564420, 0.17126940, 0.38772620)
(-0.69559920, 0.17134400, 0.38773100)
(-0.69549720, 0.17148300, 0.38773200)
(-0.69542760, 0.17153530, 0.38774090)
(-0.69537590, 0.17156740, 0.38775150)
(-0.69533710, 0.17159310, 0.38775820)
(-0.69532170, 0.17160010, 0.38776000)
(-0.69531320, 0.17158040, 0.38776310)
(-0.69531360, 0.17150360, 0.38777220)
(-0.69531360, 0.17150360, 0.38777220)
(-0.69530990, 0.17148030, 0.38777230)
(-0.69531120, 0.17138660, 0.38776630)
(-0.69531390, 0.17132240, 0.38776840)
(-0.69535930, 0.17129010, 0.38774980)
(-0.69538030, 0.17124560, 0.38772550)
(-0.69541620, 0.17124160, 0.38769840)
(-0.69546070, 0.17119760, 0.38764060)
(-0.69549970, 0.17114150, 0.38756440)
(-0.69558310, 0.17096680, 0.38732970)
(-0.69558730, 0.17080590, 0.38724710)
(-0.69558730, 0.17080590, 0.38724710)
(-0.69559550, 0.17074360, 0.38713180)
(-0.69560300, 0.17073160, 0.38702130)
(-0.69552480, 0.17071510, 0.38694350)
(-0.69548170, 0.17078890, 0.38694450)
(-0.69545650, 0.17086430, 0.38695350)
(-0.69543280, 0.17096460, 0.38699000)
(-0.69539050, 0.17105310, 0.38706660)
(-0.69540970, 0.17118620, 0.38706060)
(-0.69533400, 0.17125450, 0.38720140)
(-0.69533660, 0.17134370, 0.38723560)
(-0.69529940, 0.17136090, 0.38730020)
(-0.69527230, 0.17138190, 0.38737570)
(-0.69525870, 0.17139420, 0.38745810)
(-0.69527360, 0.17143720, 0.38755270)
(-0.69528720, 0.17142060, 0.38761090)
(-0.69533380, 0.17143610, 0.38770350)
(-0.69535170, 0.17139250, 0.38772680)
(-0.69538470, 0.17139690, 0.38775320)
(-0.69542130, 0.17137860, 0.38776730)
(-0.69550000, 0.17130240, 0.38775420)
(-0.69553520, 0.17124140, 0.38776770)
(-0.69553520, 0.17124140, 0.38776770)
(-0.69555070, 0.17127100, 0.38773060)
(-0.69559030, 0.17127890, 0.38772170)
(-0.69560830, 0.17130730, 0.38771740)
(-0.69562610, 0.17133490, 0.38771380)
(-0.69561160, 0.17137950, 0.38772020)
(-0.69560050, 0.17145150, 0.38773830)
(-0.69558950, 0.17147830, 0.38776550)
(-0.69557230, 0.17152740, 0.38777380)
(-0.69553390, 0.17151640, 0.38780150)
(-0.69554040, 0.17173840, 0.38779410)
(-0.69550950, 0.17172620, 0.38776650)
(-0.69550280, 0.17177960, 0.38777580)
(-0.69550660, 0.17180140, 0.38777850)
